16 0.383160 0.143409 0.055771 0.043228
15 0.442251 0.142341 0.051788 0.042735
26 0.512629 0.140368 0.034525 0.054569
10 0.048532 0.306816 0.055771 0.047337
20 0.053511 0.267039 0.024566 0.023011
6 0.122230 0.300241 0.079673 0.047337
21 0.160074 0.344291 0.026558 0.042078
6 0.205223 0.299584 0.070378 0.047337
21 0.240080 0.340675 0.024566 0.040105
25 0.240080 0.257835 0.032533 0.026956
17 0.301937 0.294105 0.086313 0.044707
24 0.310236 0.251370 0.041828 0.030243
24 0.378623 0.246439 0.033861 0.038790
25 0.412484 0.236577 0.029877 0.023011
1 0.381279 0.289503 0.061747 0.043393
0 0.452321 0.286544 0.057763 0.044050
20 0.456968 0.252685 0.017926 0.019724
21 0.555958 0.317555 0.022375 0.037563
21 0.740724 0.416493 0.025194 0.038808
21 0.669691 0.508663 0.024494 0.036036
21 0.336920 0.527374 0.025194 0.041580
21 0.174909 0.636521 0.024494 0.045045
21 0.444111 0.655232 0.020295 0.061677
21 0.485052 0.625780 0.022395 0.051282
21 0.626068 0.611227 0.024494 0.041580
21 0.198120 0.790021 0.025194 0.041580
22 0.102826 0.404481 0.027293 0.051282
22 0.498349 0.477246 0.018196 0.052668
22 0.644847 0.730076 0.029393 0.053823
21 0.197770 0.792100 0.024494 0.040194
23 0.580579 0.479210 0.037091 0.042273
23 0.742474 0.714715 0.044089 0.041580
20 0.264371 0.361515 0.013997 0.015246
20 0.625718 0.335643 0.019595 0.020790
20 0.679605 0.333911 0.013997 0.013167
20 0.460208 0.444791 0.013297 0.015939
20 0.535090 0.542504 0.017496 0.015939
20 0.479453 0.690113 0.016796 0.018711
20 0.307177 0.557750 0.016096 0.014553
20 0.077749 0.720952 0.016796 0.018018
24 0.532407 0.339801 0.029393 0.024948
24 0.236611 0.449526 0.029393 0.037422
24 0.246759 0.563987 0.032892 0.027027
24 0.340886 0.701086 0.034992 0.040194
27 0.483069 0.437168 0.028693 0.020097
27 0.607522 0.682606 0.037791 0.023562
27 0.553519 0.445484 0.032892 0.017325
22 0.283150 0.397089 0.013297 0.051282
20 0.954640 0.412335 0.012597 0.013860
3 0.530074 0.731347 0.037791 0.041580
3 0.464640 0.579349 0.037091 0.047124
3 0.722762 0.375375 0.037791 0.042966
10 0.599241 0.570455 0.056686 0.043659
10 0.243143 0.747401 0.053187 0.050589
10 0.791928 0.462578 0.051088 0.045045
10 0.876258 0.455301 0.057386 0.047124
22 0.831819 0.464310 0.025894 0.047124
10 0.448660 0.385886 0.054587 0.051975
7 0.054071 0.401825 0.060885 0.057519
7 0.584661 0.376992 0.055987 0.044352
7 0.640415 0.471587 0.058786 0.045045
7 0.387075 0.484292 0.065784 0.053361
7 0.404338 0.736429 0.065784 0.054054
1 0.317442 0.391545 0.055287 0.052668
1 0.505347 0.382998 0.050388 0.044352
1 0.674357 0.373989 0.048288 0.048510
1 0.214566 0.494456 0.052487 0.050589
1 0.053954 0.501733 0.057386 0.052668
1 0.210717 0.596327 0.053187 0.049203
1 0.664676 0.571495 0.060186 0.044352
1 0.301812 0.744052 0.055287 0.048510
4 0.387075 0.586972 0.081181 0.048510
4 0.455309 0.481982 0.066484 0.049203
4 0.531357 0.575306 0.074882 0.053361
4 0.947175 0.451721 0.068584 0.049203
4 0.158463 0.749249 0.083980 0.049203
4 0.520743 0.280319 0.065784 0.043659
0 0.390224 0.386232 0.060885 0.047124
9 0.066202 0.603950 0.076282 0.057519
0 0.072150 0.755717 0.075582 0.050589
0 0.592010 0.725572 0.070683 0.051282
5 0.716230 0.467660 0.061585 0.043659
28 0.725678 0.498845 0.083280 0.027027
13 0.162429 0.399515 0.079781 0.047817
16 0.692086 0.721529 0.049688 0.040887
8 0.533224 0.478170 0.052487 0.047124
8 0.301462 0.486486 0.076982 0.047124
6 0.244076 0.395010 0.060186 0.049896
5 0.121605 0.498383 0.058786 0.056133
15 0.143650 0.598175 0.056686 0.054747
2 0.302629 0.589166 0.067184 0.046431
21 0.495782 0.203742 0.027993 0.045738